123456789012320180801112345678901234567890123456789012345678901234567123410000
123456789012320180801112345678901234567890123456789012345678901234567123410000
123456789012320180801112345678901234567890123456789012345678901234567123410000
123456789012320180801112345678901234567890123456789012345678901234567123410000
123456789012320180801112345678901234567890123456789012345678901234567123410000
123456789012320180801112345678901234567890123456789012345678901234567123410000
123456789012320180801112345678901234567890123456789012345678901234567123410000
123456789012320180801112345678901234567890123456789012345678901234567123410000
123456789012320180801112345678901234567890123456789012345678901234567123410000
123456789012320180801112345678901234567890123456789012345678901234567123410000
123456789012320180801112345678901234567890123456789012345678901234567123410000
123456789012320180801112345678901234567890123456789012345678901234567123410000
123456789012320180801112345678901234567890123456789012345678901234567123410000